date	market_cap	total_volume	price
2020/12/1	113645724	30716592	612.26
2020/12/2	113659297	39952722	589.58
2020/12/3	113672745	24782677	598.76
2020/12/4	113686319	19876254	616.51
2020/12/5	113699844	25069156	571.19
2020/12/6	113713433	19751580	595.92
2020/12/7	113726895	19018563	601.97
2020/12/8	113740323	16888941	592.39
2020/12/9	113753805	24366357	554.33
2020/12/10	113767489	24443976	573.9
2020/12/11	113780834	20681779	560.45
2020/12/12	113794388	20758239	545.98
2020/12/13	113807834	16738614	568.36
2020/12/14	113821249	15384266	590.32
2020/12/15	113834884	13308727	585.54
2020/12/16	113848333	17243745	589.07
2020/12/17	113861943	23264427	635.96
2020/12/18	113875513	30614167	644.07
2020/12/19	113888985	25236999	654.42
2020/12/20	113902482	22298385	659.32
2020/12/21	113916069	20078457	639.52
2020/12/22	113929750	23850699	610.43
2020/12/23	113943093	18189961	634.98
2020/12/24	113956828	28532869	587.96
2020/12/25	113970200	24680852	612.88
2020/12/26	113983632	20963124	626.46
2020/12/27	113997308	23014811	636.74
2020/12/28	114010919	35810595	689.66
2020/12/29	114024501	30947513	732.96
2020/12/30	114037902	23251361	735.59
2020/12/31	114051377	17671770	752.86
2021/1/1	114064806	24588309	738.62
2021/1/2	114078458	18954586	730.15
2021/1/3	114092067	26256534	777.7
2021/1/4	114105536	144431989	967
2021/1/5	114119028	61074455	1025.65
2021/1/6	114132619	42714167	1103.36
2021/1/7	114146177	39638805	1208.58
2021/1/8	114159519	34983464	1229.47
2021/1/9	114173139	39423396	1223.73
2021/1/10	114186598	27154032	1282.98
2021/1/11	114200236	35107351	1267.73
2021/1/12	114213691	61365877	1092.91
2021/1/13	114227299	35840037	1045.41
2021/1/14	114240929	28414584	1132.02
2021/1/15	114254270	28274645	1216.91
2021/1/16	114267956	33695335	1171.86
2021/1/17	114281444	31016043	1234.63
2021/1/18	114294927	28920226	1229.38
2021/1/19	114308461	24559107	1255.98
2021/1/20	114322023	37725980	1383.48
2021/1/21	114335676	37658454	1385.85
2021/1/22	114349088	44213034	1122.91
2021/1/23	114362627	39545841	1236.68
2021/1/24	114376256	24997290	1231.18
2021/1/25	114389684	28704347	1392.54
2021/1/26	114403233	33347288	1323.43
2021/1/27	114416794	29775172	1355.23
2021/1/28	114430145	30907689	1253.14
2021/1/29	114443726	24652114	1328.77
2021/1/30	114457132	35797019	1380.28
2021/1/31	114470457	21557332	1372.43
2021/2/1	114484176	18757623	1317.05
2021/2/2	114497767	20871731	1368.66
2021/2/3	114511234	28318800	1514.23
2021/2/4	114524884	25482726	1661
2021/2/5	114538401	26874276	1587.8
2021/2/6	114551918	22692606	1724.86
2021/2/7	114565326	21822738	1683.94
2021/2/8	114579004	24155385	1608.64
2021/2/9	114592441	26013632	1751
2021/2/10	114605985	23823914	1769.05
2021/2/11	114619528	23346431	1739.16
2021/2/12	114633081	18990994	1782.51
2021/2/13	114646675	19602171	1841.2
2021/2/14	114659986	18404797	1810.84
2021/2/15	114673667	16735322	1804.98
2021/2/16	114687230	21186624	1775.76
2021/2/17	114700651	18650601	1782.58
2021/2/18	114714412	18207385	1845.57
2021/2/19	114727676	17956616	1938.57
2021/2/20	114741491	17665405	1969.98
2021/2/21	114754976	23294263	1929.37
2021/2/22	114768400	17035233	1941.43
2021/2/23	114781894	30084841	1788.62
2021/2/24	114795551	39993715	1563.92
2021/2/25	114808899	24754969	1628.39
2021/2/26	114822570	21615013	1468.86
2021/2/27	114836135	25316382	1450.99
2021/2/28	114849562	19042939	1480.13
2021/3/1	114863033	24946114	1416.66
2021/3/2	114876576	20167378	1570.4
2021/3/3	114890155	19411378	1497.09
2021/3/4	114903547	19214462	1579.43
2021/3/5	114917143	19321586	1546.5
2021/3/6	114930806	18532041	1539.05
2021/3/7	114944456	18700471	1661.93
2021/3/8	114957833	17018978	1727.46
2021/3/9	114971341	19231911	1837.53
2021/3/10	114984841	16670225	1869.33
2021/3/11	114998410	17608314	1802.31
2021/3/12	115011901	17130946	1826.06
2021/3/13	115025263	16052388	1770.94
2021/3/14	115038923	17009543	1927.72
2021/3/15	115052535	14130808	1866.07
2021/3/16	115066037	18401800	1791.05
2021/3/17	115079658	16982978	1808.55
2021/3/18	115093085	16814582	1828.75
2021/3/19	115106615	16649064	1780.16
2021/3/20	115120241	15083375	1817.13
2021/3/21	115133738	16224921	1817.86
2021/3/22	115147092	16325510	1790.38
2021/3/23	115160619	18586987	1686.89
2021/3/24	115174178	17180037	1673.86
2021/3/25	115187778	24269087	1581.63
2021/3/26	115201249	16586088	1587.3
2021/3/27	115214817	14585004	1700.37
2021/3/28	115228337	12321502	1713.84
2021/3/29	115241889	11755287	1689.04
2021/3/30	115255377	17955068	1817.63
2021/3/31	115268931	15485352	1840.29
2021/4/1	115282405	15105826	1915.83
2021/4/2	115296018	16262388	1970.47
2021/4/3	115309337	16618220	2134.1
2021/4/4	115322922	17272497	2016.67
2021/4/5	115336522	12905938	2077.76
2021/4/6	115350162	14712971	2097.8
2021/4/7	115363604	15786749	2115.06
2021/4/8	115377118	19883584	1989.15
2021/4/9	115390583	13034750	2081.35
2021/4/10	115404022	12110088	2069.67
2021/4/11	115417696	15045257	2142.8
2021/4/12	115431201	11814444	2150.27
2021/4/13	115444778	13578621	2142.48
2021/4/14	115458256	15519799	2304.34
2021/4/15	115471795	17849278	2429.66
2021/4/16	115485266	14759738	2514.17
2021/4/17	115498572	18142757	2424.55
2021/4/18	115512007	15179142	2345.27
2021/4/19	115525671	27542280	2245.76
2021/4/20	115538947	18585872	2168.03
2021/4/21	115552595	19216604	2324.28
2021/4/22	115566331	18456469	2373.5
2021/4/23	115579539	26081057	2426.07
2021/4/24	115593028	29212907	2364.23
2021/4/25	115606534	16076714	2212.84
2021/4/26	115620163	15942386	2307.36
2021/4/27	115633687	16900201	2532.39
2021/4/28	115647142	14219471	2647.16
2021/4/29	115660605	15596715	2748.78
2021/4/30	115674170	13948888	2757.5
2021/5/1	115687490	12776359	2776.7
2021/5/2	115701127	12456475	2944.92
2021/5/3	115714452	12096896	2953.3
2021/5/4	115727985	18668004	3439.86
2021/5/5	115741502	24167452	3245.66
2021/5/6	115755078	18024936	3524.56
2021/5/7	115768577	14416531	3495.08
2021/5/8	115781990	12876626	3493.53
2021/5/9	115795421	15395752	3912.74
2021/5/10	115808994	15681315	3932.75
2021/5/11	115822577	20306665	3979.61
2021/5/12	115835952	16211782	4182.79
2021/5/13	115849484	20104468	3906.11
2021/5/14	115863042	25948000	3750.34
2021/5/15	115876544	15589703	4088.73
2021/5/16	115890057	15860547	3659.92
2021/5/17	115903545	18744181	3602
2021/5/18	115917070	22814664	3288.23
2021/5/19	115930569	17402309	3399.05
2021/5/20	115943972	46873956	2505.01
2021/5/21	115957592	33428008	2778.28
2021/5/22	115970862	47657425	2419.1
2021/5/23	115984377	44421989	2306.37
2021/5/24	115997801	36803800	2120.04
2021/5/25	116011330	27844471	2640.16
2021/5/26	116024632	34297957	2695.48
2021/5/27	116038053	18434221	2882.48
2021/5/28	116051390	16036535	2742.99
2021/5/29	116064920	20348496	2433.33
2021/5/30	116078431	20532315	2294.63
2021/5/31	116091873	15616516	2395.85
2021/6/1	116105362	16409095	2708.43
2021/6/2	116118818	15157324	2632.66
2021/6/3	116132304	14407613	2717.15
2021/6/4	116145675	13329058	2858.28
2021/6/5	116159349	14843880	2694.5
2021/6/6	116172616	13245841	2624.77
2021/6/7	116186320	10708998	2711.55
2021/6/8	116199721	14489453	2580.54
2021/6/9	116213086	19121049	2528.02
2021/6/10	116226488	16776668	2620.63
2021/6/11	116239890	13300983	2486.6
2021/6/12	116253347	11354185	2356.63
2021/6/13	116266759	11861067	2379.99
2021/6/14	116280248	11672710	2517.77
2021/6/15	116293701	10872101	2587.38
2021/6/16	116307254	10460423	2561.19
2021/6/17	116320569	11053784	2365.87
2021/6/18	116334078	10798284	2380.74
2021/6/19	116347416	11742074	2231.55
2021/6/20	116360928	9401632	2176.31
2021/6/21	116374249	11652227	2251.56
2021/6/22	116387491	20749226	1900.12
2021/6/23	116401056	20674900	1875.36
2021/6/24	116414340	14255678	1971.11
2021/6/25	116426705	11279806	1990.08
2021/6/26	116440926	14168149	1833.46
2021/6/27	116454352	13345664	1817.05
2021/6/28	116467772	12320088	1973.93
2021/6/29	116481248	14657089	2087.52
2021/6/30	116494593	12514170	2169.4
2021/7/1	116508102	12743249	2279.35
2021/7/2	116521342	12188696	2121.66
2021/7/3	116534835	10598146	2157.88
2021/7/4	116548109	8955829	2228.53
2021/7/5	116561613	9067947	2329
2021/7/6	116575068	10188180	2217.3
2021/7/7	116588511	10665244	2320.65
2021/7/8	116601809	10077926	2317.24
2021/7/9	116615165	11347669	2126.44
2021/7/10	116628575	10321857	2156.58
2021/7/11	116641997	8520757	2123.06
2021/7/12	116655389	6647403	2144.01
2021/7/13	116668632	8031321	2042.5
2021/7/14	116681800	9364457	1944.4
2021/7/15	116695202	10016742	1997.66
2021/7/16	116708578	9410458	1910.73
2021/7/17	116721873	9310215	1874.2
2021/7/18	116735105	7854211	1899.84
2021/7/19	116748482	8056879	1905.72
2021/7/20	116761737	8624163	1824.93
2021/7/21	116774958	11495448	1794.97
2021/7/22	116788392	12900728	2003.72
2021/7/23	116801729	10680770	2027.53
2021/7/24	116814957	9806972	2117.15
2021/7/25	116828468	8854597	2183.63
2021/7/26	116841805	7492660	2209.5
2021/7/27	116854909	15782054	2230.21
2021/7/28	116867998	12591273	2292.58
2021/7/29	116881229	10075679	2299.69
2021/7/30	116894318	7663909	2383.44
2021/7/31	116907395	9762499	2462.4
2021/8/1	116920544	8489708	2541.67
2021/8/2	116933793	10053815	2555.41
2021/8/3	116946962	10208819	2611.67
2021/8/4	116960188	10432944	2521.27
2021/8/5	116973470	10772451	2724.53
2021/8/6	116986599	13453601	2821.65
2021/8/7	117000143	10688525	2888.73
2021/8/8	117013667	12342847	3151.22
2021/8/9	117027133	11355900	3012.31
2021/8/10	117039667	12180516	3163.06
2021/8/11	117054305	9673521	3147.84
2021/8/12	117067537	9011516	3166.65
2021/8/13	117081190	9214060	3048.41
2021/8/14	117094689	7820558	3323.2
2021/8/15	117108225	6646262	3268.55
2021/8/16	117121459	7375916	3309.75
2021/8/17	117134866	8219462	3153.58
2021/8/18	117148606	9413136	3007.14
2021/8/19	117161971	7633882	3037.23
2021/8/20	117172722	6547482	3144.82
2021/8/21	117189222	6738896	3276.97
2021/8/22	117202576	5998355	3224
2021/8/23	117216096	5248496	3243.49
2021/8/24	117229605	6661676	3320.41
2021/8/25	117243165	7400253	3177.66
2021/8/26	117256591	6324850	3231.44
2021/8/27	117270142	6005033	3122.97
2021/8/28	117283684	5652192	3267.54
2021/8/29	117297081	4300677	3245.43
2021/8/30	117310521	4364112	3233.38
2021/8/31	117324033	6726925	3232.73
2021/9/1	117337515	9359550	3440.56
2021/9/2	117351003	9094172	3790.61
2021/9/3	117364620	7411880	3793.3
2021/9/4	117378219	7740691	3936.16
2021/9/5	117391522	6162299	3894.94
2021/9/6	117405151	4996267	3950.27
2021/9/7	117418736	5120392	3943.26
2021/9/8	117432152	12365501	3440.34
2021/9/9	117445647	9772078	3496.86
2021/9/10	117459136	7507624	3435.98
2021/9/11	117472672	7511703	3209.92
2021/9/12	117486059	6041060	3268.1
2021/9/13	117499626	5310633	3417.84
2021/9/14	117513002	7844829	3301.19
2021/9/15	117526561	6155436	3425.25
2021/9/16	117539956	5283986	3595.96
2021/9/17	117553514	6267080	3573.31
2021/9/18	117566976	5578980	3412.18
2021/9/19	117580470	4749125	3427.58
2021/9/20	117594025	4346683	3335.88
2021/9/21	117607505	9569384	2977.32
2021/9/22	117621043	11690670	2744.11
2021/9/23	117634497	8812447	3074.12
2021/9/24	117647959	6183995	3159.27
2021/9/25	117660931	9729059	2930.74
2021/9/26	117674900	7646410	2946.97
2021/9/27	117688458	8134228	3063.32
2021/9/28	117701971	7105869	2939.74
2021/9/29	117715176	6778906	2798.98
2021/9/30	117728697	6136230	2855.61
2021/10/1	117741957	6437016	3013.49
2021/10/2	117755538	7373069	3305.11
2021/10/3	117768909	6287326	3393.92
2021/10/4	117782246	5291102	3426.39
2021/10/5	117795598	5868745	3390.31
2021/10/6	117809034	5404163	3520.34
2021/10/7	117822481	6878501	3592.18
2021/10/8	117835851	5893685	3594.92
2021/10/9	117849245	5100243	3558.55
2021/10/10	117862581	3850060	3588.08
2021/10/11	117876010	5277364	3431.02
2021/10/12	117889358	5775673	3537.84
2021/10/13	117902713	5776988	3498.11
2021/10/14	117915982	5075806	3605.65
2021/10/15	117929380	5714716	3794.52
2021/10/16	117942695	5957835	3885.64
2021/10/17	117956219	4709199	3854.5
2021/10/18	117969688	4477653	3854.22
2021/10/19	117982601	5044135	3752.62
2021/10/20	117996323	4491502	3884.59
2021/10/21	118009822	5256191	4170.11
2021/10/22	118023399	12300415	4074.86
2021/10/23	118036873	5430892	3990.71
2021/10/24	118050281	3948471	4179.44
2021/10/25	118063624	4030324	4094.94
2021/10/26	118077176	4026964	4230.21
2021/10/27	118090527	4559596	4152.57
2021/10/28	118103872	7289725	3944.09
2021/10/29	118117193	6996264	4288.1
2021/10/30	118130561	5757532	4422.94
2021/10/31	118144058	3684555	4324.61
2021/11/1	118157385	4314342	4292.04
2021/11/2	118170116	4442098	4330.55
2021/11/3	118184131	4809649	4596.59
2021/11/4	118197596	4936575	4607.7
2021/11/5	118210033	4304033	4550.01
2021/11/6	118224309	3600506	4494.8
2021/11/7	118237331	3910541	4527.1
2021/11/8	118251050	3169414	4626.63
2021/11/9	118264275	4408248	4815
2021/11/10	118277751	4359636	4742.08
2021/11/11	118291227	5421573	4641.53
2021/11/12	118304562	4025975	4732.92
2021/11/13	118317837	4456489	4685.11
2021/11/14	118331007	2990855	4666.5
2021/11/15	118344294	2992332	4652.95
2021/11/16	118357601	3917516	4583.21
2021/11/17	118370730	7100033	4243.35
2021/11/18	118384154	5471314	4302.8
2021/11/19	118397398	5969213	3993.85
2021/11/20	118410444	4959266	4317.6
2021/11/21	118423728	3698867	4436.19
2021/11/22	118436945	3481123	4319.36
2021/11/23	118450300	5257956	4101.06
2021/11/24	118463455	5368966	4355.42
2021/11/25	118476755	4657387	4269.44
2021/11/26	118490029	4483615	4515.84
2021/11/27	118503055	7229483	4048.31
2021/11/28	118516427	4039545	4084.09
2021/11/29	118529739	4057670	4290.09
2021/11/30	118542755	4534565	4444.53
2021/12/1	118556070	6799679	4637.12
2021/12/2	118569062	6091106	4589.61
2021/12/3	118582183	4992652	4519.44
2021/12/4	118595426	6506721	4240.16
2021/12/5	118608277	9901116	4101.66
2021/12/6	118621437	6160281	4198.57
2021/12/7	118634684	7058488	4347.62
2021/12/8	118647719	5058605	4310.57
2021/12/9	118660857	4439887	4431.54
2021/12/10	118674034	5458272	4153.33
2021/12/11	118687432	6840072	3918.2
2021/12/12	118701118	4852045	4079.81
2021/12/13	118714682	3397867	4135.84
2021/12/14	118728452	6371523	3782.9
2021/12/15	118741733	5387121	3858.16
2021/12/16	118755274	6696913	4015.72
2021/12/17	118768687	4819928	3971.56
2021/12/18	118782260	5971878	3886.75
2021/12/19	118796033	4718061	3966.43
2021/12/20	118809441	4061765	3928.84
2021/12/21	118823222	5426551	3950.48
2021/12/22	118836767	4118778	4036.55
2021/12/23	118850247	3514777	3992.59
2021/12/24	118863880	4515368	4113.53
2021/12/25	118877347	3292279	4055.12
2021/12/26	118890910	2889902	4110.57
2021/12/27	118904516	2900166	4075.03
2021/12/28	118918238	2898969	4045.05
2021/12/29	118931676	4730300	3807.36
2021/12/30	118945269	4259379	3644.41
2021/12/31	118958844	3618235	3714.95
2022/1/1	118972325	3876939	3686.4
2022/1/2	118986005	2631140	3780.32
2022/1/3	118999651	2624826	3835.4
2022/1/4	119013370	3305656	3769.4
2022/1/5	119025300	3651101	3794.91
2022/1/6	119040520	5281066	3556.91
2022/1/7	119053857	7161089	3416.83
2022/1/8	119067279	7612510	3201.79
2022/1/9	119081019	5146607	3101.04
2022/1/10	119094692	3775737	3156.97
2022/1/11	119108207	6369472	3086.73
2022/1/12	119121764	4597523	3246.41
2022/1/13	119135454	4525373	3378.04
2022/1/14	119149117	4296501	3256.76
2022/1/15	119162521	3721172	3311.99
2022/1/16	119176024	2599811	3331.25
2022/1/17	119189631	2682222	3356.3
2022/1/18	119203275	3711990	3216.59
2022/1/19	119216801	4011022	3166.45
2022/1/20	119230343	4119662	3097.02
2022/1/21	119243937	4441482	3015.59
2022/1/22	119257401	11433064	2564.34
2022/1/23	119271187	11735145	2407.38
2022/1/24	119284706	6749022	2537.84
2022/1/25	119298376	11733008	2447.83
2022/1/26	119311844	6547482	2465.22
2022/1/27	119325298	8666980	2470.43
2022/1/28	119339023	6835230	2411.86
2022/1/29	119352548	5615351	2551.11
2022/1/30	119366090	4126235	2603.6
2022/1/31	119379746	3423156	2610.18
2022/2/1	119393190	5139439	2689.22
2022/2/2	119406871	4709810	2797.43
2022/2/3	119420307	5154099	2690.32
2022/2/4	119433781	8197160	2667.26
2022/2/5	119447570	6247137	2993.1
2022/2/6	119460975	4319920	3018.67
2022/2/7	119474684	2947222	3062.81
2022/2/8	119488234	4581114	3149.95
2022/2/9	119501752	5390537	3127.44
2022/2/10	119515429	4321518	3240.92
2022/2/11	119528970	6165283	3081.91
2022/2/12	119542642	5650546	2930.56
2022/2/13	119556067	3898289	2918.09
2022/2/14	119569596	3123669	2889.24
2022/2/15	119583117	4128528	2935.65
2022/2/16	119596758	4463720	3179.3
2022/2/17	119610269	4193236	3128.64
2022/2/18	119623822	5636006	2881.61
2022/2/19	119637307	5752772	2792.3
2022/2/20	119650771	3595127	2768.97
2022/2/21	119664577	4639629	2632.49
2022/2/22	119678043	7460881	2574.51
2022/2/23	119691506	6369136	2644.15
2022/2/24	119705079	5283581	2594.7
2022/2/25	119718808	11919724	2599.93
2022/2/26	119732187	6402125	2771.89
2022/2/27	119745800	4302028	2785.34
2022/2/28	119759425	6581962	2629.48
2022/3/1	119772895	6792956	2919.29
2022/3/2	119786581	6385779	2977.28
2022/3/3	119799997	5764298	2953.32
2022/3/4	119813491	4860048	2836.91
2022/3/5	119827143	5931690	2619.36
2022/3/6	119840590	3244593	2668.71
2022/3/7	119854085	3664439	2558.36
2022/3/8	119867796	6122499	2498.66
2022/3/9	119881249	5697263	2576.63
2022/3/10	119894920	5568047	2731.04
2022/3/11	119908555	5300934	2611.46
2022/3/12	119921947	4802811	2562.83
2022/3/13	119935685	2438147	2579.46
2022/3/14	119949124	3402816	2518.49
2022/3/15	119962803	4226901	2591.54
2022/3/16	119976187	4748904	2620.36
2022/3/17	119988037	7139197	2771.76
2022/3/18	120003267	4468981	2817.4
2022/3/19	120016836	4933153	2945.75
2022/3/20	120030260	3514661	2947.23
2022/3/21	120043764	3953202	2860.64
2022/3/22	120057187	4795273	2896.59
2022/3/23	120070728	5276646	2969.78
2022/3/24	120084380	4706666	3028.84
2022/3/25	120097776	5214541	3106.66
2022/3/26	120111482	5000071	3106.07
2022/3/27	120124857	2425087	3140.88
2022/3/28	120138390	3645226	3285.17
2022/3/29	120151965	5560375	3328.93
2022/3/30	120165496	5275657	3401.18
2022/3/31	120179046	4189349	3383.79
2022/4/1	120192541	4939879	3283.3
2022/4/2	120206121	5712260	3451.2
2022/4/3	120219430	6424116	3440.34
2022/4/4	120232948	3981401	3521.58
2022/4/5	120246203	4807005	3520.97
2022/4/6	120259740	4415285	3422.97
2022/4/7	120273212	8229628	3171.37
2022/4/8	120286782	4995368	3232.83
2022/4/9	120300127	5490809	3192.03
2022/4/10	120313568	2851587	3265.94
2022/4/11	120327017	3106949	3219.16
2022/4/12	120340596	7064423	2992.7
2022/4/13	120354240	6244949	3038.21
2022/4/14	120367466	4951927	3121.4
2022/4/15	120381030	5257480	3023.42
2022/4/16	120394426	4117555	3045.43
2022/4/17	120407851	2955924	3066.36
2022/4/18	120421451	3185085	2995.72
2022/4/19	120434899	5940706	3061.89
2022/4/20	120448251	4338818	3104.69
2022/4/21	120461755	4920709	3079.68
2022/4/22	120475017	6870130	2987.49
2022/4/23	120488325	5442284	2967.09
2022/4/24	120501782	2935698	2940.69
2022/4/25	120515050	3146847	2922.9
2022/4/26	120528509	7324706	3008.34
2022/4/27	120541710	6323729	2806.75
2022/4/29	120568496	6224982	2932.46
2022/4/30	120581908	6352955	2817.49
2022/5/1	120595416	4608674	2738.17
2022/5/2	120608861	5113947	2832.51
2022/5/3	120622091	6187160	2861.37
2022/5/4	120635377	4605673	2786.05
2022/5/5	120648511	5893249	2942.05
2022/5/6	120661712	7575430	2753.94
2022/5/7	120674912	7596574	2699.71
2022/5/8	120688148	4741264	2641.23
2022/5/9	120701426	8173706	2517.83
2022/5/10	120714648	15281569	2249.89
2022/5/11	120727830	15712742	2344.8
2022/5/12	120741133	22358743	2080.91
2022/5/13	120754175	21148607	1966.7
2022/5/14	120767552	11914490	2010.21
2022/5/15	120780723	6974355	2064.23
2022/5/16	120793910	6702524	2147.05
2022/5/17	120807176	9903801	2025.89
2022/5/18	120820305	8111419	2095.18
2022/5/19	120833527	8296956	1915.18
2022/5/20	120846436	8809689	2023.85
2022/5/21	120859420	7453256	1963.99
2022/5/22	120872172	3818084	1978.15
2022/5/23	120884902	4701935	2046.65
2022/5/24	120897946	7409286	1974.58
2022/5/25	120910694	6508411	1979.77
2022/5/26	120923604	6454195	1944.84
2022/5/27	120936427	12531730	1807.97
2022/5/28	120949530	14110973	1724.88
2022/5/29	120962318	6669720	1798.69
2022/5/30	120975183	5382189	1814.98
2022/5/31	120988010	9426662	1995.94
2022/6/1	121000976	8947261	1944.08
2022/6/2	121013752	10874432	1828.89
2022/6/3	121026631	8972690	1833.09
2022/6/4	121039529	8450072	1776.98
2022/6/5	121051800	4599258	1804.26
2022/6/6	121064296	4644534	1805.33
2022/6/7	121076429	8939597	1860.18
2022/6/8	121088775	12995356	1818.39
2022/6/9	121101138	9870417	1794.54
2022/6/10	121113167	5853359	1788.42
2022/6/11	121125445	10600883	1663.84
2022/6/12	121137785	13338263	1530.04
2022/6/13	121150002	15683530	1454.69
2022/6/14	121162332	39477581	1205.6
2022/6/15	121174393	26983544	1214.87
2022/6/16	121186460	32273800	1230.36
2022/6/17	121198682	16858936	1068.6
2022/6/18	121210938	12936359	1087.81
2022/6/19	121223158	21231710	995.25
2022/6/20	121235169	19252711	1125.75
2022/6/21	121247423	17501466	1132.05
2022/6/22	121258840	13193747	1124.56
2022/6/23	121270011	13634684	1051.07
2022/6/24	121281177	12447155	1144.48
2022/6/25	121292302	13247530	1229.3
2022/6/26	121303470	9395684	1244.29
2022/6/27	121314617	9469581	1201.24
2022/6/28	121325807	10082754	1194.22
2022/6/29	121336868	11535920	1143.53
2022/6/30	121348000	13437386	1098.91
2022/7/1	121359802	14567295	1057.63
2022/7/2	119516599	16293356	1068.82
2022/7/3	119528942	8987325	1068.54
2022/7/4	119542545	7389176	1074.61
2022/7/5	119556149	11986864	1153.35
2022/7/6	119569241	13568788	1134.02
2022/7/7	119581871	12131701	1188.73
2022/7/8	119593648	10617106	1240.38
2022/7/9	119605995	12425678	1233.51
2022/7/10	119618546	6466958	1216.85
2022/7/11	119631918	8872895	1169.01
2022/7/12	119645347	10653122	1097.45
2022/7/13	119658094	11100009	1040.8
2022/7/14	119670904	16123431	1112.92
2022/7/15	119683751	13827168	1191.13
2022/7/16	119695355	13625522	1234.1
2022/7/17	119707746	14042536	1355.05
2022/7/18	119720840	11724210	1344.72
2022/7/19	119734192	16819139	1570.66
2022/7/20	119746230	18003966	1542.63
2022/7/21	119759068	14218727	1527.41
2022/7/22	119771621	12313425	1576.83
2022/7/23	119786140	11776431	1536.12
2022/7/24	119801718	9602323	1552.5
2022/7/25	119816711	10028827	1601.21
2022/7/26	119831752	13711391	1450.48
2022/7/27	119839145	12307608	1438.99
2022/7/28	119853008	13927259	1636.95
2022/7/29	119865089	15962757	1723.55
2022/7/30	119879032	12526196	1739.04
2022/7/31	119893251	8389812	1696.79
2022/8/1	119906767	7666266	1682.01
2022/8/2	119921928	9487538	1636.02
2022/8/3	119935367	11845136	1638.38
2022/8/4	119948488	9592322	1621.34
2022/8/5	119963125	8728386	1612.42
2022/8/6	119977605	10289683	1725.38
2022/8/7	119991603	6628904	1693.3
2022/8/8	120005703	5570700	1699.01
2022/8/9	120020181	8766434	1775.7
2022/8/10	120032647	14298794	1698.97
2022/8/11	120046440	11712798	1852.88
2022/8/12	120058083	11605781	1881.43
2022/8/13	120068841	8086297	1959.33
2022/8/14	120085798	7473260	1982.41
2022/8/15	120097652	6283627	1936.7
2022/8/16	120113541	9594629	1908.28
2022/8/17	120127021	7569116	1880.6
2022/8/18	120139563	10040983	1834.83
2022/8/19	120152441	7222737	1850.11
2022/8/20	120168186	14009357	1618.53
2022/8/21	120181599	10389623	1579.42
2022/8/22	120195072	8726963	1624.15
2022/8/23	120209529	10265811	1622.31
2022/8/24	120223478	10308506	1665.79
2022/8/25	120236644	9243980	1657.79
2022/8/26	120250176	7603871	1697.08
2022/8/27	120264121	15344020	1510.19
2022/8/28	120277619	10321646	1496.06
2022/8/29	120291415	7345188	1438.75
2022/8/30	120305415	10626441	1555.18
2022/8/31	120318802	12906501	1525.4
2022/9/1	120331838	11979123	1552.56
2022/9/2	120344478	9485788	1588.98
2022/9/3	120357831	10059444	1575.18
2022/9/4	120370546	5462784	1555.67
2022/9/5	120385149	4959175	1578.95
2022/9/6	120399209	7302564	1617.94
2022/9/7	120411459	13331538	1564.56
2022/9/8	120425684	11395328	1629.88
2022/9/9	120437974	10193084	1635.93
2022/9/10	120451323	11308654	1717.08
2022/9/11	120463190	7043295	1779.52
2022/9/12	120476566	6638738	1761.32
2022/9/13	120490949	9810983	1710.16
2022/9/14	120503369	14165553	1573.21
2022/9/15	120515691	10525121	1635.37
2022/9/16	120529924	16821686	1472
2022/9/17	120544859	12493590	1432.22
2022/9/18	120556672	7007721	1471.2
2022/9/19	120574670	10997680	1335.85
2022/9/20	120589967	12867547	1379.92
2022/9/21	120604555	10273923	1324.19
2022/9/22	120618073	14957516	1252.77
2022/9/23	120634347	13160673	1330.79
2022/9/24	120649556	13235083	1329.56
2022/9/25	120664213	8536540	1318.1
2022/9/26	120679976	8151983	1294.08
2022/9/27	120695249	11440857	1335.12
2022/9/28	120709260	12534723	1331.15
2022/9/29	120724123	12367225	1340.02
2022/9/30	120737824	8855447	1335.74
2022/10/1	120750177	8911573	1329.15
2022/10/2	120766227	3853230	1311.26
2022/10/3	120778272	4872427	1277.9
2022/10/4	120798072	6609551	1323.5
2022/10/5	120810889	6300012	1363.24
2022/10/6	120821435	6284321	1352.59
2022/10/7	120841819	7882676	1351.43
2022/10/8	120853255	6890055	1324.89
2022/10/9	120871614	3756184	1315.86
2022/10/10	120885106	3595043	1322.27
2022/10/11	120898707	5803382	1291.08
2022/10/12	120910076	6496184	1279.88
2022/10/13	120924240	5804595	1294.27
2022/10/14	120938380	11933950	1288.16
2022/10/15	120950404	9086466	1297.63
2022/10/16	120965553	4502713	1275.69
2022/10/17	120527409	4833958	1306.94
2022/10/18	120527651	6479641	1333.44
2022/10/19	120527154	7270556	1311.81
2022/10/20	120526384	6328274	1284.65
2022/10/21	120525387	6877541	1282.04
2022/10/22	120523829	6718351	1299.8
2022/10/23	120522394	3803240	1313.77
2022/10/24	120522218	5712130	1364.49
2022/10/25	120522528	8032346	1343.33
2022/10/26	120522238	13424229	1462.05
2022/10/27	120521797	15616604	1568.75
2022/10/28	120521599	11716082	1514.86
2022/10/29	120521704	10059289	1555.03
2022/10/30	120521729	10525327	1619.43
2022/10/31	120522143	6517560	1591.05
2022/11/1	120522977	9471990	1572.98
2022/11/2	120522672	12148917	1580.38
2022/11/3	120522969	18082076	1520.64
2022/11/4	120523074	14720162	1531.11
2022/11/5	120522805	22476655	1644.19
2022/11/6	120522664	13016140	1626.81
2022/11/7	120523102	14110682	1572.95
2022/11/8	120523608	19327055	1569.99
2022/11/9	120523504	24224130	1334.29
2022/11/10	120520576	26709223	1095.18
2022/11/11	120517018	18476060	1301.55
2022/11/12	120515077	13409728	1293.91
2022/11/13	120514480	6879845	1255.6
2022/11/14	120514695	6311400	1223.01
2022/11/15	120514908	9718548	1242
2022/11/16	120514733	7138207	1252.71
2022/11/17	120514490	7285007	1217.7
2022/11/18	120514479	5887587	1201.79
2022/11/19	120514577	4615423	1213.5
2022/11/20	120514870	3053820	1218.89
2022/11/21	120515341	5965105	1144.25
2022/11/22	120515833	9342650	1110.29
2022/11/23	120516245	8121968	1135.18
2022/11/24	120516450	7758369	1184.46
2022/11/25	120516813	5776930	1204.21
2022/11/26	120517315	4857707	1198.98
2022/11/27	120517925	4371963	1205.66
2022/11/28	120518593	3470099	1196.2
2022/11/29	120519279	5526466	1170.12
2022/11/30	120519586	5861544	1216.94
2022/12/1	120520143	7611427	1298.94
2022/12/2	120520589	5013154	1276.64
2022/12/3	120521017	4364525	1293.95
2022/12/4	120521484	4170472	1243.04
2022/12/5	120522012	3775886	1282.42
2022/12/6	120522555	4600348	1259.76
2022/12/7	120522870	3745562	1271.94
2022/12/8	120523055	4368714	1233.63
2022/12/9	120523110	4628190	1281.21
2022/12/10	120523262	4542558	1264.48
2022/12/11	120521715	2479760	1264.79
2022/12/12	120521858	2514402	1264.32
2022/12/13	120521989	4004460	1275.33
2022/12/14	120521999	6569507	1319.41
2022/12/15	120521852	6162068	1308.4
2022/12/16	120521954	4758713	1263.75
2022/12/17	120521871	7982701	1165.97
2022/12/18	120521724	4113860	1189.43
2022/12/19	120522033	2675714	1186.78
2022/12/20	120522328	3668957	1166.99
2022/12/21	120522572	5306991	1217.89
2022/12/22	120522679	3368004	1213.34
2022/12/23	120522855	4261840	1217.85
2022/12/24	120523093	3913876	1220.7
2022/12/25	120523394	2000150	1221.36
2022/12/26	120523982	3029906	1219.29
2022/12/27	120524610	2504959	1226.25
2022/12/28	120525151	3483472	1211.82
2022/12/29	120525338	4356471	1188.73
2022/12/30	120525408	3474440	1201.54
2022/12/31	120525426	3428280	1199.11
2023/1/1	120525374	2416281	1196.61
2023/1/2	120525445	1815543	1200.66
2023/1/3	120525693	3166996	1214.38
2023/1/4	120525769	2786902	1214.76
2023/1/5	120525615	5354559	1256.44
2023/1/6	120525296	3240018	1250.79
2023/1/7	120524858	4111824	1270.03
2023/1/8	120524497	1928743	1264.84
2023/1/9	120524634	2648058	1284.58
2023/1/10	120524481	6518496	1321.68
2023/1/11	120523864	4782855	1336.02
2023/1/12	120523405	4870442	1389.77
2023/1/13	120522918	9428622	1417.13
2023/1/14	120522435	5769595	1453.38
2023/1/15	120521601	10006815	1549.11
2023/1/16	120520913	4560629	1551.32
2023/1/17	120520674	5980067	1577.73
2023/1/18	120520135	5404464	1569.53
2023/1/19	120519541	7785093	1516.56
2023/1/20	120518597	4431848	1550.51
2023/1/21	120518211	5556337	1661.33
2023/1/22	120517812	5942874	1625.91
2023/1/23	120517817	5048674	1630.84
2023/1/24	120517994	5534712	1632.96
2023/1/25	120517853	5830546	1557.06
2023/1/26	120517318	7398812	1614.68
2023/1/27	120516982	6286760	1602.85
2023/1/28	120516618	6001383	1598.47
2023/1/29	120516239	4147760	1573.06
2023/1/30	120516416	6096164	1646.52
2023/1/31	120516201	6995470	1568.65
2023/2/1	120516085	4755105	1586.54
2023/2/2	120515299	5658093	1642.86
2023/2/3	120514386	7607423	1648.68
2023/2/4	120513201	5721025	1665.43
2023/2/5	120511979	4058596	1667.27
2023/2/6	120511398	5033649	1631.37
2023/2/7	120511086	4837339	1617.14
2023/2/8	120510354	5488050	1672.82
2023/2/9	120508854	5308734	1651.41
2023/2/10	120507133	8049592	1546.38
2023/2/11	120505216	6520955	1515.53
2023/2/12	120504358	3936602	1541.97
2023/2/13	120504270	4046864	1515.33
2023/2/14	120504265	7678145	1506.92
2023/2/15	120503512	7528824	1556.96
2023/2/16	120499727	6615478	1674.86
2023/2/17	120497534	8142752	1646.14
2023/2/18	120495214	6369242	1697.08
2023/2/19	120493303	3463868	1692.52
2023/2/20	120492295	4463656	1680.38
2023/2/21	120491528	4961667	1700.2
2023/2/22	120490090	5872534	1656.58
2023/2/23	120488519	5985468	1643.17
2023/2/24	120486590	5871191	1651.85
2023/2/25	120484430	5975665	1608.1
2023/2/26	120483013	3838045	1593.95
2023/2/27	120482576	3875275	1640.58
2023/2/28	120482198	4845057	1633.98
2023/3/1	120481573	4284892	1606.63
2023/3/2	120480824	5211904	1663.93
2023/3/3	120479386	4813389	1647.66
2023/3/4	120478314	7117533	1570.67
2023/3/5	120477031	3060928	1568.5
2023/3/6	120476407	39772728	1563.23
2023/3/7	120475538	4229459	1567.35
2023/3/8	120473819	5450591	1563.81
2023/3/9	120472297	7736265	1535.26
2023/3/10	120470688	7542141	1440.17
2023/3/11	120468759	10269300	1429.6
2023/3/12	120467336	12445019	1474.4
2023/3/13	120459823	8796681	1588.2
2023/3/14	120459187	38840045	1678.92
2023/3/15	120457776	11608318	1708.3
2023/3/16	120456426	10410137	1658.07
2023/3/17	120455399	17979121	1679.79
2023/3/18	120454714	8062080	1793.3
2023/3/19	120453969	6769066	1769.43
2023/3/20	120453944	5960173	1801.37
2023/3/21	120453920	7437842	1744.44
2023/3/22	120453604	5980313	1811.41
2023/3/23	120453488	7908174	1747.64
2023/3/24	120453254	6017015	1824.96
2023/3/25	120452728	6624533	1751.22
2023/3/26	120454596	4574709	1753.98
2023/3/27	120452165	4737174	1776.87
2023/3/28	120452174	5675682	1719.17
2023/3/29	120451125	5376042	1776.04
2023/3/30	120450132	5788815	1795.54
2023/3/31	120448797	6112284	1792.91
2023/4/1	120447240	5662950	1824.02
2023/4/2	120446234	3400848	1823
2023/4/3	120445841	3715571	1797.74
2023/4/4	120445564	6154084	1810.47
2023/4/5	120444418	6188041	1871.33
2023/4/6	120443137	6061367	1911.34
2023/4/7	120441313	4918505	1872.25
2023/4/8	120440077	4981184	1866.66
2023/4/9	120441938	3225151	1851.05
2023/4/10	120439021	3981618	1859.94
2023/4/11	120438691	5047344	1909.88
2023/4/12	120437990	5412794	1892.94
2023/4/13	120437016	6848264	1920.22
2023/4/14	120418874	6932850	2012.79
2023/4/15	120214447	8517358	2102.95
2023/4/16	120109686	4429799	2093.17
2023/4/17	119716878	4191333	2118.6
2023/4/18	119434715	5207887	2077.54
2023/4/19	119368246	4812111	2103.28
2023/4/20	119344051	8106239	1936.43
2023/4/21	120428889	6392522	1943.44
2023/4/22	120416479	7257862	1850.15
2023/4/23	120414184	4159439	1877.54
2023/4/24	120412139	3957450	1863.64
2023/4/25	120409031	4980741	1842.63
2023/4/26	120406936	5168228	1870.57
2023/4/27	120404793	8639573	1867.59
2023/4/28	120402439	9059195	1910.46
2023/4/29	120400464	4673345	1894.43
2023/4/30	120398383	2761813	1905.27
2023/5/1	120396526	3886779	1885.39
2023/5/2	120393879	5277994	1832.73
2023/5/3	120388949	4457289	1870.83
2023/5/4	120381822	4652042	1903.73
2023/5/5	120375861	3811403	1877.4
2023/5/6	120369776	5348060	1993.61
2023/5/7	120357218	5859323	1900.41
2023/5/8	120344574	3289120	1895.23
2023/5/9	120334907	6216769	1849.29
2023/5/10	120325421	3452274	1846.06
2023/5/11	120317700	5681150	1842.87
2023/5/12	120309683	5127146	1798.07
2023/5/13	120302360	5821770	1808.69
2023/5/14	120250589	2865305	1797.2
2023/5/15	120250589	2732323	1799.01
2023/5/16	120250589	4205307	1820.04
2023/5/17	120286999	3445340	1823.66
2023/5/18	120282980	3650538	1821.05
2023/5/19	120279329	3422855	1802.39
2023/5/20	120275672	2810396	1812.13
2023/5/21	120272752	1714068	1818.97
2023/5/22	120271085	2125435	1804.93
2023/5/23	120269409	2850641	1818.4
2023/5/24	120266407	4065280	1854.19
2023/5/25	120262782	4441980	1800.74
2023/5/26	120260125	4131029	1805.81
2023/5/27	120258105	3415050	1828.96
2023/5/28	120256773	2222920	1830.31
2023/5/29	120256010	3776344	1913.82
2023/5/30	120254302	3570802	1893.71
2023/5/31	120251525	3166343	1901.08
2023/6/1	120248574	3163604	1874.69
2023/6/2	120245588	3350609	1861.73
2023/6/3	120242777	3623334	1907.21
2023/6/4	120236711	2007418	1892.08
2023/6/5	120236126	2258354	1893.18
2023/6/6	120235693	6001781	1813.68
2023/6/7	120233888	5065880	1883.24
2023/6/8	120231504	4624814	1832.32
2023/6/9	120230938	2629899	1846.03
2023/6/10	120229122	2769673	1839.21
2023/6/11	120227838	23604310	1754.67
2023/6/12	120227281	2872459	1751.72
2023/6/13	120226893	3862832	1742.6
2023/6/14	120226966	3914620	1736.79
2023/6/15	120224090	4861921	1650.68
2023/6/16	120217444	4974720	1664.98
2023/6/17	120214903	4083529	1716.38
2023/6/18	120212803	2814902	1726.37
2023/6/19	120210867	2375886	1719.27
2023/6/20	120208826	3326608	1734.79
2023/6/21	120206250	4413129	1790.19
2023/6/22	120200572	6494585	1892.9
2023/6/23	120198228	5251057	1874.18
2023/6/24	120196489	4918598	1891.35
2023/6/25	120193579	2607852	1875.06
2023/6/26	120191632	3877246	1899.15
2023/6/27	120188176	5319710	1859.8
2023/6/28	120186524	4659327	1890.01
2023/6/29	120221676	3730934	1828.46
2023/6/30	120221505	3566039	1853.45
2023/7/1	120220157	6046993	1934.05
2023/7/2	120219087	2994939	1924.57
2023/7/3	120218755	3714630	1933.96
2023/7/4	120219234	4685674	1953.78
2023/7/5	120219082	3132320	1937
2023/7/6	120217554	4281306	1910.51
2023/7/7	120214104	7298476	1855.47
2023/7/8	120210439	4749272	1869.32
2023/7/9	120209152	2801491	1864.87
2023/7/10	120208689	1484435	1866.92
2023/7/11	120208382	4733928	1875.27
2023/7/12	120208181	2931940	1875.87
2023/7/13	120207912	4259463	1873.51
2023/7/14	120206568	6116739	2003.25
2023/7/15	120204712	6800257	1935.94
2023/7/16	120201621	2293971	1931.39
2023/7/17	120200189	2367044	1923.04
2023/7/18	120201013	4018886	1912.12
2023/7/19	120200809	4807383	1897.2
2023/7/20	120199213	4708278	1889.22
2023/7/21	120196048	5924954	1891.01
2023/7/22	120273985	3335830	1891.47
2023/7/23	120193787	3141469	1858.31
2023/7/24	120194007	3460358	1887.83
2023/7/25	120194013	5100749	1850.43
2023/7/26	120283793	2330959	1857.6
2023/7/27	120194013	3906817	1871.53
2023/7/28	120194013	3564861	1858.78
2023/7/29	120194013	2546805	1874.69
2023/7/30	120194013	1589870	1880.92
2023/7/31	120181083	3110435	1861.87
2023/8/1	120178495	3287582	1857.28
2023/8/2	120194013	4808419	1869.75
2023/8/3	120194013	4449690	1838.01
2023/8/4	120170968	3218619	1835.7
2023/8/5	120168132	3407058	1828.46
2023/8/6	120165838	1608752	1835.07
2023/8/7	120163084	1638363	1826.71
2023/8/8	120161621	4193028	1826.93
2023/8/9	120159238	4038080	1856.84
2023/8/10	120156267	3238365	1855.89
2023/8/11	120152466	2017158	1850.88
2023/8/12	120149688	1999722	1847.54
2023/8/13	120147264	1198814	1848.51
2023/8/14	120145768	1980230	1839.51
2023/8/15	120144363	2438450	1843.51
2023/8/16	120142222	2417449	1826.91
2023/8/17	120139112	3577041	1809.46
2023/8/18	120135854	12508532	1675.86
2023/8/19	120053867	7140030	1660.68
2023/8/20	120211284	4928736	1669.23
2023/8/21	120211597	3659433	1682.46
2023/8/22	120215150	4027011	1666.84
2023/8/23	120211067	6181789	1635.19
2023/8/24	120214313	6446810	1679.12
2023/8/25	120214161	4131063	1658.4
2023/8/26	120216444	4252132	1653.43
2023/8/27	120216173	1411388	1645.9
2023/8/28	120216953	1552739	1656.93
2023/8/29	120217770	2891011	1653.2
2023/8/30	120217158	9130446	1730.19
2023/8/31	120215980	4412179	1705.11
2023/9/1	120215701	6857136	1645.18
2023/9/2	120215528	5658245	1630.61
2023/9/3	120215832	1993977	1636.16
2023/9/4	120216736	2777590	1635.4
2023/9/5	120217696	3622302	1630.63
2023/9/6	120218193	3807851	1633.08
2023/9/7	120218534	4437756	1632.9
2023/9/8	120218703	4151297	1646.31
2023/9/9	120218942	4325089	1636.35
2023/9/10	120219494	1583721	1634.45
2023/9/11	120220572	4131507	1617.49
2023/9/12	120221789	7926166	1549.89
2023/9/13	120221729	7078794	1594.97
2023/9/14	120222298	4866646	1607.74
2023/9/15	120222578	5165571	1626.44
2023/9/16	120222835	4137905	1641.93
2023/9/17	120223330	2631650	1634.42
2023/9/18	120224406	2780060	1622.48
2023/9/19	120225429	6074047	1636.63
2023/9/20	120226214	4294530	1643.7
2023/9/21	120227110	5377821	1621.53
2023/9/22	120227794	5485710	1583.82
2023/9/23	120228095	3158222	1593.47
2023/9/24	120228897	1718046	1593.18
2023/9/25	120230003	2543330	1580.48
2023/9/26	120231218	3703448	1588.47
2023/9/27	120232366	2976263	1592.49
2023/9/28	120233867	3584844	1597.42
2023/9/29	120234937	7942869	1652.2
2023/9/30	120236031	6651789	1667.99
2023/10/1	120237298	3267926	1671
2023/10/2	120238637	4986406	1733.82
2023/10/3	120240107	8666047	1665.28
2023/10/4	120240729	4377354	1656.32
2023/10/5	120241846	4959529	1648.19
2023/10/6	120243063	5447042	1612.99
2023/10/7	120244439	5068836	1646.39
2023/10/8	120245847	2253844	1635.08
2023/10/9	120247520	3146807	1634.22
2023/10/10	120249203	6643517	1580.18
2023/10/11	120250549	5419651	1567.46
2023/10/12	120252073	5122226	1564.92
2023/10/13	120253572	6016707	1536.81
2023/10/14	120254931	4746778	1550.97
2023/10/15	120256370	2238511	1555.46
2023/10/16	120258135	2697081	1557.76
2023/10/17	120259759	9297262	1601.23
2023/10/18	120260916	4812056	1565.06
2023/10/19	120262264	4578754	1564.07
2023/10/20	120263584	5185823	1568.37
2023/10/21	120264972	6695429	1603.91
2023/10/22	120265828	4185041	1629.3
2023/10/23	120267199	5088699	1664.57
2023/10/24	120267760	13184903	1764.93
2023/10/25	120265514	15761246	1784.77
2023/10/26	120262637	8763759	1785.56
2023/10/27	120260008	11008907	1804.16
2023/10/28	120267628	6922078	1780.57
2023/10/29	120267913	3031493	1776.35
2023/10/30	120268709	3745067	1798.17
2023/10/31	120269587	6788226	1809.64
2023/11/1	120269517	5896411	1816.8
2023/11/2	120269303	9761952	1846.48
2023/11/3	120268792	8574561	1800.91
2023/11/4	120268317	7083980	1834.17
2023/11/5	120268359	4681876	1855.45
2023/11/6	120268913	6831740	1895.94
2023/11/7	120269157	6583625	1898.52
2023/11/8	120268344	8485815	1887.32
2023/11/9	120267720	6004047	1891.49
2023/11/10	120266596	20389233	2128.61
2023/11/11	120263563	12337423	2078.85
2023/11/12	120261788	6853969	2052.99
2023/11/13	120260953	4497826	2046.09
2023/11/14	120260281	10544524	2060.53
2023/11/15	120257710	10758417	1980.52
2023/11/16	120256040	10915777	2061.64
2023/11/17	120254695	12073541	1962.24
2023/11/18	120253396	10771456	1956.52
2023/11/19	120252716	6763338	1962.63
2023/11/20	120252683	5609814	2011.13
2023/11/21	120252814	8307959	2022.39
2023/11/22	120251000	10695276	1940.44
2023/11/23	120249014	12180540	2065.94
2023/11/24	120247140	6600547	2062.27
2023/11/25	120245955	9930777	2080.85
2023/11/26	120245290	3131520	2085.43
2023/11/27	120245180	5852789	2064.07
2023/11/28	120244917	9471355	2030
2023/11/29	120243818	8017714	2048.54
2023/11/30	120240684	6465885	2025.94
2023/12/1	120240235	5664882	2051.76
2023/12/2	120237836	9547357	2085.71