Received: from 4.com ([218.79.98.70])
	by spam-gw.ccert.edu.cn (MIMEDefang) with ESMTP id j8N1mh3G012905
	for <qiu@ccert.edu.cn>; Fri, 23 Sep 2005 08:26:23 +0800 (CST)
Message-ID: <200509230948.j8N1mh3G012905@spam-gw.ccert.edu.cn>
Received: from unknown (HELO vlm32625.net) (112.5.116.2)
	by 218.79.98.70 with SMTP; Fri, 23 Sep 2005 00:40:06 -0000
X-Originating-IP: [112.5.116.2]
Date: Fri, 23 Sep 2005 08:40:05 +0800
From: "jin" <jin@4.com>
To: qiu@ccert.edu.cn
Reply-To: <jin@4.com>
Disposition-Notification-To: "=?GB2312?B?QWxpYmFiYQ==?="<kingpwf@4.com>
Subject: =?gb2312?B?zNi6w7XEyta7+rrFwuvIyML01tAoyOcxMzY2MTg4ODg4OCk=?=
X-Mailer: VolleyMail.net 5.9[cn]
Mime-Version: 1.0
X-Priority: 3
X-MSMail-Priority: Normal
Content-Type: text/html;
	charset="GB2312"
Content-Transfer-Encoding: base64


                       特好手机号火热销售中(号在上海)
                    所有的号都是从电信部门拿出来的,新的,

             13816890588 2000 13611998988 3700 13482828188 1780
             13817772188 1600 13761558588 2000 13482828688 1480
             13817775088 1700 13761558688 1800 13482828788 1280
             13818028788 1380 13761558788 1450 13795287188 888
             13818026988 1180 13761598588 1700 13795268088 888
             13818030688 1100 13761768688 1500 13795278988 980
             13818029388 1100 13701910788 1080 13816936488 780
             13918378588 1800 13501783088 1180 13817520488 780
             13918376588 1150 13501791088 1180 13817594288 780
             13918385388 1300 13501769088 1180 13916527488 780
             13918382088 1300 13501775788 1180 13817179488 888
             13918361788 1100 13501835088 1180 13816294488 850
             13816938088 1300 13636628588 1150 13816477188 880
             13816937988 1080 13636628788 980  13816468988 980
             13816292688 180  13621905988 1180 13918374588 780
             13816233088 1080 13621909288 980  13918375488 780
             13816223788 1100 13621906588 980  13918364788 780
             13816227388 1080 13661637188 888  13816615488 780
             13816283188 1200 13621906288 888  13816467388 780
             13816283588 1200 13621615388 888  13816470288 780
             13817035788 980  13761755188 980  13816463288 780
             13817023288 1000 13761755288 900  13817181488 780
             03817021288 1000 13795271088 888  13918418388 820
             13918137688 1080 13585626588 888  13564938088 820
             13916782788 1080 13585935788 888  13564100288 780
             13917265388 980  13585935388 888  13564181288 780
             13917262388 980  13585937188 888  13641833688 780
             13816607188 1180 13671752588 980  13671948688 780
             13818776388 1100 13616779788 888  13764668788 780
             13816727288 1080 13636602688 1000 13764076988 780
             13817625288 980  13636602788 888  13764076388 780
             13585801088 1380 13795278088 888  13764986188 780

                            上一页 下一页

              我的qq:31874445(留言买号) 点击这里给我发消息
         email/msn:kingpwf@hotmail.com 电话:13817531144(我人在上海)

   ---------------------- http://etide.51.net/ ---------------------
   以上内容由VolleyMail免费软件发送，但内容与VolleyMail无关，特此声明！



